202
857
848
-386
-505
594
1443
423
-1856
-1153
2158
3473
-2171
-7177
3038
32295
68655
87180
79473
60266
48430
45935
31054
-4792
-39222
-42651
-17852
3279
9172
16989
37265
46557
15951
-32657
-46736
-12786
22802
14629
-23624
-42827
-27862
-10922
-7580
-28
21865
37654
20208
-16791
-30749
-3664
40366
69325
79922
82948
84489
70984
31142
-22473
-62149
-51867
12395
90366
125768
93488
21087
-35340
-37272
837
32411
20361
-27432
-65288
-57420
-10980
30821
41419
37891
42891
52519
35976
-11204
-52570
-58511
-36285
-17431
-13905
-18129
-17113
-1479
26059
49336
44876
554
-46027
-40863
14227
57567
36359
-26204
-62547
-44863
-11501
613
-4251
-2414
13634
24345
25197
32656
40179
24141
-17379
-51945
-50093
-22818
-5019
-13706
-37154
-62058
-80931
-77098
-37669
29742
89373
104980
73912
20319
-27664
-47289
-18992
44171
89706
74776
19437
-11068
8595
29283
8283
-27342
-14830
44739
71234
18392
-61252
-79561
-30828
10439
-1766
-33061
-28453
7117
25140
10640
2808
29300
61393
56189
12385
-30291
-38893
-18235
7891
18437
1191
-31602
-49962
-35036
-1792
21466
27277
33539
43000
28370
-17048
-49117
-28923
19421
30272
-13710
-56792
-54865
-32331
-37113
-63719
-72155
-49938
-32224
-39458
-37087
2673
47229
43548
-5658
-45941
-43134
-18640
-8992
-10975
-8807
-8303
-26262
-57818
-66280
-40898
-10491
-6484
-20811
-18013
6259
26765
21306
-3926
-18323
-4769
20928
26127
-4129
-45383
-63244
-52701
-41530
-45138
-39541
-2864
34242
17754
-49773
-95820
-64744
2662
23190
-21769
-70372
-64291
-15785
16258
7241
-14634
-15463
5282
12650
-17284
-61067
-75649
-37097
17832
33558
5784
-17381
2606
29870
8678
-56002
-94120
-55176
21769
56349
27876
-13408
-9255
31956
58329
41268
-1819
-31407
-23576
12798
53237
75449
63521
28342
2624
5946
25190
33857
21181
15471
33853
55235
53454
30489
14234
14935
16064
9146
11630
34750
47506
21926
-26627
-55854
-38913
-4398
13967
13070
4759
-547
-473
-3834
-17389
-35475
-36235
5137
74138
107632
60989
-32011
-97320
-95748
-59707
-37743
-32584
-18897
6956
20045
4210
-32755
-66338
-71364
-39877
18333
64511
62414
17218
-36339
-61831
-54270
-26199
10375
40408
48909
36030
22211
27525
47376
55432
40204
16912
-429
-3128
1731
2673
-5809
-24283
-37177
-30133
-6911
11351
13797
9084
6796
8733
9341
2208
-12029
-31357
-42753
-25246
20315
49681
29599
-26382
-65084
-56171
-36714
-42667
-58507
-41501
16154
66386
64605
23155
-8454
-2264
20577
31108
26756
24575
25201
12517
-13530
-21421
6689
34016
18996
-30498
-42940
22293
97633
92802
1016
-87369
-99710
-61010
-39174
-54350
-79989
-99695
-116419
-110322
-50541
40917
87030
41457
-34204
-36822
42715
106330
75906
-15031
-69225
-53173
-20718
-18818
-23381
9513
65628
75325
8715
-69345
-76010
-5368
63965
66610
16047
-28660
-30391
-9952
880
5464
23527
55080
66202
25911
-49256
-103905
-101182
-49953
3207
18248
1096
-16942
-14895
3390
21397
27980
29344
29231
29814
29875
26551
24833
28372
39270
51525
56925
52255
37695
24930
13497
760
-10950
-20331
-16070
-4904
4649
8555
10665
14265
10578
-6405
-35497
-54709
-51643
-25566
12749
32516
21474
-7904
-22701
-9900
1768
-19148
-69511
-103301
-88482
-38475
13518
41383
41684
19343
-12749
-32910
-31502
-19243
-14055
-15411
-11427
-8122
-16227
-28722
-22625
13552
46736
39969
-4114
-39753
-34266
1558
43241
63808
66386
61028
51801
40786
15225
-20989
-46633
-37466
-2335
21900
16479
-16742
-43032
-46830
-43564
-39068
-32694
-16278
2448
6244
-19400
-58526
-71681
-44375
28
13530
-21414
-59499
-53344
-6229
37845
42875
18769
-428
4797
24686
50493
75225
85496
78758
70399
67488
58709
30815
-2821
-14527
-10320
-21054
-56920
-78350
-50817
5494
37459
24001
2326
9037
29303
22496
-16356
-55804
-70864
-61771
-45635
-25511
6801
34842
39155
19072
-3952
-6837
5725
20933
27785
19120
-9058
-37062
-27004
24439
73000
59825
-14611
-78212
-73246
-19373
10682
-19206
-69617
-84409
-55003
-16612
766
2576
11473
25697
26531
12866
1058
3040
7974
7185
13520
37898
59911
40575
-22251
-73385
-57442
12373
64987
51545
1778
-29276
-23165
-3515
-7024
-29111
-41442
-27913
4986
21605
2248
-41676
-71219
-45047
29852
100595
108449
48649
-22536
-47180
-25028
-2974
-13935
-44297
-57543
-51504
-56811
-79047
-90210
-60012
-8231
6444
-34247
-87290
-85670
-20760
48765
63815
24818
-6474
10390
55280
76448
44169
-5740
-18023
27633
95374
125696
98963
39037
-6882
-20898
-11531
8512
26420
41122
48464
42431
25295
3543
-12935
-19609
-15210
-3343
3311
-5056
-26974
-39940
-30782
-8253
7131
8514
19260
48761
70604
49396
-6628
-40706
-22823
16557
25327
-6137
-40357
-56671
-65740
-80072
-79896
-46119
-1967
16273
-37
-19920
-25730
-25728
-29164
-21659
10096
47773
62142
41645
12034
-2601
-1992
-4554
-22422
-34162
-14081
38566
88947
95833
63855
26383
11206
4658
-15514
-32079
-13653
35562
63072
31279
-27396
-41157
-2261
24915
-10441
-73107
-80349
-17200
42590
31520
-23036
-43996
-6991
37921
41607
16417
540
4776
12636
19705
31799
42832
42979
27268
15119
16052
13170
7992
9190
18700
17454
-7589
-28309
-9503
43947
83001
71712
18726
-35967
-56860
-43190
-15327
-1078
-17719
-60139
-95103
-87384
-40563
11173
25434
-738
-31674
-43677
-35448
-18933
-326
27116
44577
15069
-58726
-119532
-104427
-24724
36929
23618
-33522
-60555
-31881
681
-11547
-53522
-74693
-58017
-35399
-31082
-33215
-18049
10452
23726
10273
-7196
-8048
-4261
-27266
-76879
-110032
-91154
-40987
-10741
-24388
-45366
-26069
22748
48440
22742
-17586
-25391
-5621
-1192
-24320
-38120
-18532
6976
347
-31917
-42685
-13278
23623
39159
43592
58559
68048
40507
-17693
-49302
-14877
48778
73656
42326
10862
21140
44144
20086
-49244
-89960
-54726
24031
72998
60939
21743
-5547
-5265
17831
51502
70255
44598
-17447
-70677
-69530
-21404
33360
66174
68909
39049
-22291
-83234
-95125
-43747
26846
58696
41672
7862
-12778
-19038
-17916
-10219
4331
13829
6217
-9476
-13616
7637
40720
66275
72113
55297
23264
-11675
-31440
-29588
-19220
-19031
-23684
-7784
33522
68869
55400
1284
-37995
-30294
1663
2505
-35829
-63945
-43172
5013
28420
17110
-3949
-21176
-45260
-80374
-90812
-52817
-1515
18737
9450
16302
51844
67538
29491
-27869
-40270
-3713
25939
10776
-22173
-19955
18578
40423
3729
-67136
-106858
-81321
-20494
11385
-9145
-48269
-59828
-34289
-14299
-33905
-77948
-99464
-70509
-14292
26984
33017
24845
30626
40473
29600
-1138
-28147
-27043
-4959
10884
14860
6888
-13962
-37472
-51764
-48668
-39446
-40496
-39407
-18558
6543
-1363
-45437
-76172
-52409
3094
26694
-9620
-64933
-82248
-47237
