   2.9251306e-03
   9.4326782e-03
  -3.6613852e-03
  -1.0882991e-02
  -1.3882906e-03
   1.6707116e-02
   1.0007661e-02
  -2.0391250e-02
  -2.4932935e-02
   1.8951267e-02
   4.7936315e-02
  -6.4160842e-03
  -8.5461858e-02
  -3.5785339e-02
   1.8525243e-01
   4.0330493e-01
   4.0330493e-01
   1.8525243e-01
  -3.5785339e-02
  -8.5461858e-02
  -6.4160842e-03
   4.7936315e-02
   1.8951267e-02
  -2.4932935e-02
  -2.0391250e-02
   1.0007661e-02
   1.6707116e-02
  -1.3882906e-03
  -1.0882991e-02
  -3.6613852e-03
   9.4326782e-03
   2.9251306e-03
