   7.8960590e-01
   1.7695071e+00
   5.6212105e-01
   1.5047055e+00
   8.9015299e-01
   5.7585158e-01
   4.4401827e-01
   3.9357356e-01
   7.8706419e-03
  -1.3808040e+00
  -1.0964760e-02
  -2.6270879e-01
  -1.7622644e-01
   1.1332894e+00
  -5.5720959e-01
   8.3549403e-01
   5.7474137e-01
   5.1052753e-01
  -1.0948714e+00
  -1.2453823e+00
   5.4849392e-01
   1.3073047e+00
  -1.0040804e+00
  -7.0736580e-01
  -6.8421417e-01
   8.2789408e-01
  -8.3016117e-01
  -7.5957333e-01
   1.2913233e+00
   1.2618275e-02
   2.2431834e-01
   5.7355361e-01
  -9.0871837e-01
  -6.7653731e-02
   9.4577807e-02
   9.7837658e-01
   1.5535685e+00
   7.7004251e-01
   7.8964091e-01
   2.5552056e+00
   2.7677414e-01
  -7.0160381e-01
   5.0152812e-02
  -6.8732827e-01
  -8.0212903e-01
   2.1359811e-01
   2.8457307e+00
   1.2543113e+00
   9.5557681e-01
  -1.5998088e-01
  -1.2078164e+00
   1.1723235e+00
  -1.3509721e+00
   1.4481456e+00
  -4.6526412e-01
  -6.9384623e-01
  -2.7375494e-01
  -1.8907904e+00
   4.8778791e-01
   1.7788133e+00
  -1.2454622e-01
  -3.7345303e-01
   2.1640442e+00
   3.0568698e-01
   2.3302202e-01
  -1.2277462e+00
   3.1168252e-02
  -8.1396216e-01
  -1.4183566e+00
   9.0244493e-01
  -2.1356345e-01
  -1.3212422e+00
   4.8877496e-02
   1.8428521e+00
  -1.5198639e+00
   1.6139720e+00
   5.0094709e-01
  -3.3484984e-01
  -7.7926441e-01
  -4.6673756e-01
   2.3292349e-02
   2.1199607e+00
   3.0911722e-02
  -2.0916014e+00
  -4.2595541e-01
   8.1572250e-01
  -1.2314097e+00
  -2.0017429e-01
   9.2141118e-01
  -5.6199570e-01
   2.0961165e-02
   1.3508140e+00
  -1.3142244e-01
  -2.4429035e-02
   1.3487136e+00
   3.6540207e-01
  -1.5356731e+00
  -3.2477515e-01
  -5.7995244e-01
  -2.9366330e-01
   9.4686087e-02
  -7.6961665e-01
  -1.6786718e-01
  -2.0290352e+00
  -5.4881116e-01
  -4.8791174e-01
  -1.3562821e+00
   1.1932190e+00
   2.8000982e+00
   6.4840136e-01
   2.1152637e-01
   1.4990308e-01
   2.2966294e-01
  -1.0867333e+00
  -3.9775995e-01
   1.5541836e+00
   1.5619129e+00
   8.5200940e-01
  -7.2348037e-01
   5.6838422e-01
  -4.9523171e-02
   4.9260381e-01
   9.6961344e-02
  -4.4145018e-01
  -6.1840089e-01
   1.6533091e+00
   9.3861764e-01
  -1.6897226e-01
  -2.3027547e+00
  -1.1759032e-01
  -1.6141543e-02
  -5.0921896e-02
  -1.4461829e-01
  -1.0306903e+00
   3.0619320e-01
   1.2080314e-01
   5.0818241e-01
  -5.7906820e-02
  -1.4727233e-01
   1.1937103e+00
   6.7589899e-01
   1.1248715e+00
  -8.2015642e-01
  -7.1082749e-01
   9.7714987e-02
   1.9732303e-01
  -8.2769649e-01
   8.3996243e-01
  -1.7507828e-01
  -8.7574153e-01
  -7.5726397e-02
  -1.5829830e+00
   1.0216867e+00
   6.1601678e-01
   6.7683654e-01
  -9.3776886e-01
   1.9037559e+00
   9.9162721e-02
  -5.4947273e-01
  -1.3573957e+00
   5.9501128e-02
   9.9304670e-01
   4.6678735e-01
  -1.5508937e+00
  -6.2783595e-01
  -3.3028295e-01
  -5.8380182e-01
  -9.5165310e-01
  -6.2452966e-01
  -1.8516914e+00
   7.1564953e-02
  -5.1802155e-01
  -4.7710559e-01
  -9.0773027e-01
   2.2033387e-01
   2.0178691e+00
  -3.9601040e-01
  -6.0180777e-01
  -8.2905193e-01
   1.2227822e-02
  -2.8777755e-01
  -4.4314915e-01
   1.9455954e-01
  -4.0706574e-01
  -4.2687409e-01
   1.8849695e-01
  -1.2853528e+00
  -1.9084028e+00
   5.4052448e-01
   6.7126458e-01
  -1.4451494e+00
  -4.7391727e-01
   1.0010017e+00
  -3.0592531e-01
   3.6024599e-01
  -1.5523863e-02
   3.2566372e-01
  -3.3907709e-01
  -4.2289936e-01
   1.2196645e+00
  -5.3223534e-01
   2.1459648e-01
  -1.0488431e+00
  -1.1492222e+00
  -4.7476742e-01
  -8.5040299e-01
  -4.6030542e-01
   1.2019250e-01
  -1.1509094e+00
   1.4067647e+00
   4.0547961e-01
  -1.9147265e+00
  -1.7121199e+00
  -1.4068128e-01
   9.1423605e-01
  -5.8365978e-01
  -5.9429778e-01
  -1.0853029e+00
  -1.1691424e+00
   1.1294062e+00
   2.0004185e-02
  -1.4963194e+00
   1.4236717e+00
  -4.2453465e-01
  -2.0083480e-01
  -3.3441752e-01
   2.6193797e-01
  -1.4681063e+00
  -9.2679896e-01
  -4.9317752e-01
   9.1432639e-01
   1.1391750e-01
   5.7217512e-01
  -1.3613043e+00
   8.4835137e-01
   3.5406946e-01
   6.2814401e-01
  -3.0119220e+00
  -6.2990753e-01
   8.6706785e-01
  -1.0435972e+00
   2.0845168e+00
  -6.0577845e-01
  -1.7584093e-01
   1.6811240e-01
   1.1922494e+00
  -1.0832243e-01
   1.3571817e+00
  -1.0669368e+00
   6.1981438e-02
  -1.0449232e+00
   1.9603299e+00
   1.3079974e-01
   5.5461978e-01
   1.9394087e+00
  -1.9705584e-01
  -2.7738727e-01
   1.8823901e-01
   5.1771802e-01
   1.3890325e+00
  -1.1477050e+00
   9.2077242e-01
   1.1467485e+00
  -8.7244430e-02
   1.5923322e+00
   7.1525981e-02
  -3.2549601e-01
   4.5304993e-01
   1.0577828e+00
  -8.3184313e-01
   3.9983750e-01
   9.9149668e-01
   4.4475855e-01
   1.9259118e-01
  -8.0682611e-01
  -1.4390214e+00
   5.2073844e-01
   1.7396493e-01
  -4.7403308e-01
   6.4527974e-01
  -5.0468018e-01
   7.6090217e-01
  -3.6296426e-01
  -2.5102284e-01
  -1.1859881e+00
   1.2760992e+00
  -1.4253214e+00
   9.8545936e-02
   2.1733589e+00
   1.6537155e+00
  -2.4203792e-01
  -6.4304620e-01
  -2.3773553e+00
  -7.7718972e-01
   1.6430166e-01
  -1.6600998e+00
  -4.0190054e-01
   3.5676952e-01
   4.4176600e-01
  -1.8119910e-01
  -4.4532532e-01
  -2.3127083e-01
  -1.3712123e+00
  -6.6169440e-01
  -7.4044537e-01
   1.1872972e+00
   7.1650838e-01
   1.0820038e+00
  -4.7386938e-01
  -8.9312744e-01
  -6.8392049e-01
  -9.7254503e-01
   6.5919474e-01
  -4.4516524e-01
   6.1163128e-01
   1.6560547e+00
  -1.2040676e-01
   3.7556450e-01
  -3.1739575e-01
   2.6848108e+00
  -3.5246777e-01
   2.6994758e-01
   2.1845770e-01
   6.8143363e-01
  -9.8857339e-01
   9.2913781e-01
  -1.0790577e+00
   5.5852323e-01
  -9.5005948e-02
  -1.5556202e+00
  -3.1540078e-01
   1.2710445e+00
  -8.4663951e-01
   4.1441033e-01
   3.2118263e-01
  -2.9517934e-01
   7.0364574e-01
  -1.1395141e-01
  -4.3163782e-01
   7.4724828e-02
  -8.1170452e-01
  -2.4021629e-01
  -1.6946605e-01
  -1.3890580e-01
   1.5831311e+00
   9.6328013e-04
  -7.5191113e-01
  -2.2285211e+00
   9.5624372e-01
  -1.2644392e+00
  -5.5430292e-01
  -1.8355577e+00
   1.3932537e+00
  -6.4863953e-01
   1.5257975e+00
   1.2549637e+00
  -9.6654849e-01
   7.6484513e-01
  -5.6649906e-01
   1.0109794e+00
   2.8947141e-01
   1.5931748e-02
   9.2913615e-01
   1.4129290e-01
  -3.7346999e-01
   2.2176725e-01
  -1.0794091e-01
  -2.2221322e-01
   7.5885033e-01
  -7.7014105e-03
   4.7388093e-02
  -1.5875526e+00
   1.2348832e+00
   2.3969246e+00
   5.4451284e-01
  -7.1008692e-01
  -2.2745947e+00
  -9.7070099e-01
   5.2179949e-02
  -7.3771519e-01
  -2.7737108e+00
   8.4860758e-01
  -3.3264305e+00
  -5.5862389e-01
  -1.8657173e+00
  -5.6210834e-01
   1.4378969e+00
   1.7251027e+00
  -3.8643392e-01
  -9.4026652e-01
  -9.2807698e-02
   1.5404112e+00
   1.9225810e+00
  -1.5243195e-01
  -5.4150152e-01
  -1.0567712e+00
  -2.8337855e-01
  -4.1945806e-01
  -7.5188970e-01
   8.8123130e-01
  -4.7003161e-01
   1.2206373e+00
   1.5502998e+00
  -5.7917725e-01
  -2.2488871e+00
  -3.6488249e-01
   1.6360900e+00
  -1.5354256e-01
   1.0218128e+00
   8.6349515e-02
  -7.9078455e-01
  -7.9059310e-02
  -4.0098823e-01
   6.5132154e-01
  -4.2900460e-01
   8.0960741e-01
   1.1932164e+00
   7.5513279e-01
  -6.9520192e-01
  -5.1508369e-01
  -1.9883676e+00
  -1.2588328e+00
  -7.4627156e-01
   1.3592271e+00
  -5.7801030e-01
  -7.2986442e-01
   8.5834673e-01
  -4.2574840e-01
  -4.4789132e-01
   1.1984447e+00
  -1.0533383e-01
   9.1844981e-01
   2.8560475e-01
  -1.9640990e-01
   1.6136108e+00
  -3.3439959e-01
   3.7773879e-01
   5.3424771e-01
   1.2532457e+00
   1.8023352e-01
   1.1647776e+00
   4.4342587e-01
   8.9354996e-01
   4.3578733e-01
  -1.0531697e+00
   1.0395422e+00
  -6.5323604e-02
  -1.3592556e+00
   3.5981075e-01
   1.4848082e-01
   2.8029050e-01
  -5.0921686e-01
   4.4683124e-01
   6.8421272e-01
  -5.5568492e-01
   2.6169461e-01
  -1.7246803e+00
   5.3224572e-01
  -1.6583963e+00
  -5.0661553e-02
   1.2055023e+00
  -5.4694984e-01
   7.8280860e-01
  -5.5831983e-01
   2.8157279e-02
  -4.7175817e-01
   1.1242885e-02
  -3.1710969e-01
  -1.5219783e+00
  -1.3329147e+00
  -2.4690819e+00
   1.8957893e+00
   3.0238519e-02
  -4.6908528e-01
   5.5140818e-01
   1.8131257e+00
  -1.2290504e+00
  -1.7989757e+00
   4.5450968e-01
   1.0704157e+00
  -1.6942907e+00
  -7.3314962e-01
   1.4955388e+00
  -1.2243227e+00
  -5.1021506e-02
  -3.5830256e-01
  -6.2814155e-01
   1.2894317e+00
   2.8852980e-01
   4.6499587e-01
  -8.7211155e-01
   3.1082290e-01
  -1.1476161e+00
   4.0990667e-01
   1.9654383e+00
  -6.2694200e-01
   2.1596865e+00
   6.5016373e-01
   3.4921488e-01
   9.8995817e-01
  -5.9506376e-01
  -7.2596953e-02
  -1.1048804e+00
   6.2878566e-01
  -1.5266858e+00
   1.2915482e+00
   1.3672847e+00
  -2.7764597e+00
  -3.6246830e-01
   1.0940231e+00
  -1.8455550e+00
  -1.3687882e+00
   6.9287051e-01
   3.0924671e-01
  -1.2246782e+00
   8.2927719e-01
  -7.9206513e-01
  -1.4991273e+00
   4.7548539e-01
  -2.4400396e+00
   1.4330298e+00
   3.2816652e-01
  -1.4189779e+00
  -9.7965131e-01
   1.5101911e-01
  -5.0480748e-01
   1.2604995e+00
   7.6894128e-01
  -8.0263655e-01
   1.6698954e-01
   1.1328542e+00
   2.8114843e-01
  -3.1617742e-01
   2.6351243e+00
   1.0888736e+00
   1.2215496e+00
   1.7335608e-01
   1.7011039e+00
   9.3914630e-01
  -1.2301661e-01
  -2.9814823e-01
  -1.2924737e-01
   7.1094337e-03
  -5.4347841e-01
  -1.7639006e+00
   5.6350308e-02
  -1.1995254e+00
  -3.2551902e-01
   2.7930663e+00
  -1.3771924e+00
  -6.0207863e-01
   1.4326216e+00
   8.6207499e-01
  -1.1258426e+00
  -4.8037680e-01
   7.1227926e-02
  -1.9850691e+00
  -7.5962523e-01
  -1.9927491e-01
  -2.8934867e-01
   2.6043552e-02
   1.1233134e+00
   3.2047348e-02
   6.0229906e-01
  -4.3022925e-01
  -4.4364550e-01
   1.0044456e+00
   2.3195114e-01
   6.3542482e-02
   1.1744652e-01
  -2.9363290e-01
  -2.4999009e-01
   9.1255127e-02
  -5.7239240e-01
   2.3796545e+00
   6.5224629e-01
  -1.2146522e+00
  -1.9554133e+00
  -4.7938617e-01
   1.5044407e+00
  -1.6279152e+00
  -6.5425342e-01
  -7.3629431e-01
  -5.2316221e-01
  -1.6475735e+00
  -4.7070173e-01
   2.0667893e+00
  -1.4441940e+00
   6.7906670e-02
   1.2327502e+00
   1.6330929e-01
  -1.9627111e-03
   1.3116665e-02
  -5.9340840e-01
   1.5968989e+00
  -7.3275899e-01
  -7.6925138e-02
   1.9040346e+00
  -3.5156197e-01
   1.1354376e+00
  -7.0386669e-01
  -2.2772313e+00
   4.7828497e-01
   7.7426255e-01
   9.1850976e-01
  -1.2646219e-01
   7.9487935e-02
  -8.4311849e-02
  -5.5909961e-01
  -5.2170753e-01
   6.7580426e-01
  -6.3226698e-01
  -1.8034453e+00
   1.0262221e+00
   2.3671733e-01
  -4.0569523e-01
  -1.3282417e-01
  -6.8184811e-01
  -6.7805776e-01
  -7.9082839e-01
   8.6239902e-01
   2.9362903e+00
   5.7626327e-02
   7.0405426e-01
  -3.5915434e-01
  -1.3974738e+00
   7.0587352e-01
  -7.7778365e-01
   2.0703083e-01
  -1.4393548e+00
  -5.2702040e-01
  -7.0815186e-01
  -1.4929583e+00
  -8.0026547e-01
  -1.2914024e+00
  -1.1830184e+00
   7.6909719e-01
   2.2341808e-02
  -1.8078133e+00
  -9.2388005e-01
  -8.3225956e-01
  -8.1406735e-03
   1.1238866e+00
   8.8498879e-01
  -2.7720609e-01
   3.9912296e-01
  -1.4116030e-01
   1.7627549e+00
   7.8105370e-01
  -5.6305528e-02
   1.7909452e-01
  -1.2046244e-01
   8.7191668e-01
   1.5840875e+00
   2.3492795e+00
   8.7184109e-01
  -4.3698489e-01
   9.2045844e-01
  -1.2176437e+00
   7.7198557e-02
   1.0333890e+00
  -6.3974589e-01
   1.7540273e+00
  -3.3069689e-01
   1.9905535e+00
  -1.2923127e+00
   2.6710754e-01
   7.9562880e-01
  -1.4530343e+00
   1.0364288e-02
   4.8352256e-01
  -3.6154333e-01
   1.0868119e-01
  -1.2991511e+00
   7.9669651e-02
   2.7652136e-01
  -1.7475383e+00
   1.5364612e+00
   1.0286870e-01
   2.5775135e-01
   5.8433423e-01
   9.7855939e-01
   1.6918990e+00
  -1.7865207e+00
  -4.9610999e-01
   3.4869562e-01
   6.5372395e-01
  -3.0687036e-01
  -1.0463916e-01
  -9.6261052e-01
  -1.2301605e+00
  -1.6003289e-01
  -1.8102065e+00
  -1.5078243e+00
  -5.7307583e-02
   9.5887994e-01
  -7.5954993e-01
  -6.9205681e-02
   1.2366795e-02
  -8.9517314e-01
   1.5720984e-01
  -7.9451468e-01
  -1.4451274e-01
   6.4217866e-01
   3.5349162e-01
   2.4013527e+00
  -1.7349309e+00
   1.2930690e+00
   1.3002124e-01
  -5.9070498e-01
  -1.7788629e-01
  -2.7421430e-01
  -1.5149759e-01
  -4.4826718e-01
   1.6008296e+00
   6.4340296e-01
   2.4566000e+00
  -5.4786559e-02
   3.0659629e-01
   1.0226209e-01
  -6.3184033e-02
   1.2009366e-01
  -8.1957220e-01
  -5.7340939e-01
   2.0059797e+00
   6.0193488e-01
  -6.9258377e-01
  -1.0842330e-01
  -2.9263622e-01
   9.3794328e-02
  -2.2230938e-01
   1.0017988e-01
  -1.3558228e+00
  -1.6676451e+00
   5.4128242e-01
   1.5512129e+00
  -8.5404504e-01
   1.6896574e-02
  -1.2426510e+00
   4.4858845e-01
   1.8688632e+00
  -6.8196110e-01
  -1.2910861e-01
   4.0684962e-01
   8.3694516e-01
  -4.7489887e-01
   9.9666135e-02
   1.0639192e+00
   4.3285206e-01
   1.3223437e+00
  -6.7353086e-01
   3.6279921e-01
   4.7399654e-01
   7.0813766e-01
  -7.0847882e-01
   1.9203980e-01
   6.6494755e-01
   3.7171210e-01
  -4.7515641e-01
  -1.1378714e+00
   8.4496005e-01
   2.0132912e+00
  -8.6129275e-01
   2.5483411e+00
  -7.2501584e-01
  -1.3134370e+00
   2.1317244e-02
  -8.3325186e-01
  -3.3912838e-01
   4.3653502e-01
  -1.1810274e+00
  -4.0820693e-01
  -2.2927456e+00
  -7.9379049e-01
   1.3982813e-01
   2.1989491e-01
  -4.5670769e-01
   8.6630091e-01
  -1.0194359e+00
  -1.1704441e+00
  -2.3342506e-01
   6.4377245e-01
  -1.9784827e-01
  -3.6296242e-01
   1.6562575e+00
  -5.4893484e-02
  -2.5357994e+00
  -1.1217643e+00
  -1.1928939e+00
   2.9076086e-02
   8.8876279e-01
  -8.5549080e-02
  -1.3262165e+00
   2.4217130e-01
  -1.6706625e+00
   1.4544545e+00
  -1.0595699e+00
  -1.1000362e+00
  -1.2661395e+00
  -3.4334032e-01
  -4.0231431e-01
  -4.7947439e-01
  -1.3489412e+00
   1.2456448e+00
  -2.2995512e-01
  -5.5420288e-02
   7.1170577e-01
  -7.7971820e-01
   2.7076644e-01
  -9.3726392e-02
  -1.0947042e+00
  -1.4078129e+00
  -1.3035785e+00
  -1.2085928e+00
  -9.6195930e-01
   6.0919107e-01
  -2.0879116e-01
  -1.9156772e+00
   7.3525438e-01
   5.3436474e-01
   9.3577665e-01
  -4.2954408e-01
  -4.9171389e-01
   5.8575623e-02
   1.2854439e-01
  -5.7712733e-01
  -3.3802331e-01
  -1.2123302e-01
  -8.9970799e-01
   7.6342482e-01
  -4.1765454e-01
   5.1308732e-02
  -1.9980829e+00
   8.5635034e-01
   1.4242987e+00
  -3.5293233e-01
   6.3420129e-01
   1.2984030e+00
   1.2144311e+00
  -2.7092086e-02
  -8.1521338e-01
  -6.4094405e-01
   8.6121317e-01
   3.9633271e-01
   1.3022276e+00
   2.6526671e-01
   1.3235824e-01
   7.8808443e-01
  -2.6264216e-01
   1.1387904e+00
  -2.1865018e+00
  -3.3871915e-01
  -2.0742323e+00
   2.7820676e+00
   7.9397153e-01
  -1.6346307e-02
  -3.1976901e-01
   9.0365154e-01
   4.2198599e-01
  -7.1572275e-01
   1.1701886e+00
   1.4410620e+00
   5.0672853e-01
  -1.0494513e+00
  -2.0423154e+00
   4.5950902e-01
  -4.1648377e-01
   1.4003497e+00
  -1.2855650e-02
   1.4777026e+00
   4.2356204e-01
  -8.7848755e-01
  -1.9581556e+00
  -1.2712996e+00
   8.2228520e-01
   2.8334042e-02
   8.5173631e-01
   4.4580716e-01
   2.5818860e-01
  -8.4846119e-01
   6.3022890e-02
  -5.6704808e-02
  -3.6213334e-01
   1.1858588e-01
   3.7326982e-01
   2.0961378e-01
  -8.8619430e-01
   3.9432340e-01
   2.9328845e-01
   7.4435125e-01
   1.4090041e+00
   6.4745731e-01
   5.9438155e-01
   5.4536863e-01
  -9.0215470e-01
   3.1652723e-02
  -1.0826594e+00
   4.2968086e-01
  -6.6978790e-01
  -3.6054818e-01
   5.7400712e-01
   1.4699111e-01
   1.5449046e+00
   6.8589494e-01
  -9.0925530e-01
  -2.7468300e-01
  -3.3131989e-01
   9.0794254e-02
  -3.9608451e-02
  -8.6212247e-01
  -1.2539530e+00
   7.1953217e-02
   2.0160736e-01
   2.8674686e-01
   7.6344496e-01
  -1.3563110e+00
   2.0520167e-01
  -8.7370856e-01
  -1.5272316e+00
  -9.7309568e-01
  -1.2211772e+00
   6.4489258e-01
   1.2079479e+00
  -5.5727923e-01
  -6.3404962e-01
   2.1267733e+00
   1.7551720e+00
  -1.3227214e+00
  -1.2394196e+00
   1.4042100e+00
  -7.9382131e-01
   4.7965709e-01
   1.2438748e-01
  -1.1704404e+00
   1.3729418e+00
  -7.9763368e-01
   1.2912954e+00
  -1.1016454e+00
  -1.0737040e+00
  -1.0114864e+00
  -2.2317247e+00
   1.0591476e+00
   3.7449470e-01
  -1.2926344e+00
  -6.0350605e-01
  -5.9831770e-01
  -5.6960049e-01
   2.6848276e-01
  -1.6504296e+00
  -1.3390622e+00
  -4.0929096e-01
  -1.6745660e+00
   3.2788067e-01
   5.9002034e-01
   9.6381133e-01
  -1.4039683e-01
   3.8333482e-01
   8.1072482e-01
   8.2802354e-01
  -8.0359753e-01
  -9.3863134e-01
   4.2607716e-01
   2.8177656e-01
  -2.7213361e-01
   1.5909218e-01
   6.1727613e-02
  -3.0770398e-01
  -4.2930280e-01
  -8.9528751e-01
  -1.7727190e+00
   6.6346920e-01
  -1.2389818e-01
  -2.1027724e+00
   3.2849767e-01
   1.1702119e+00
  -1.3756643e+00
  -2.5526200e-01
  -1.8158399e+00
  -4.9106290e-01
   1.8085799e+00
  -1.2947699e+00
  -2.0968737e-01
  -1.0964505e+00
  -1.0352876e+00
   1.0870918e-02
  -5.5269303e-01
   5.8650374e-01
   8.8372779e-01
  -1.3149129e+00
   5.8185185e-01
   1.1209950e-01
   1.0109834e+00
  -5.5377560e-01
  -1.3755262e+00
  -1.1471354e+00
   6.3232988e-01
  -1.2476435e+00
   8.0176073e-01
   4.2245451e-03
   1.7204045e+00
