   2.3097004e-03
   1.2624138e-02
   1.5444417e-02
  -5.3683542e-03
  -5.6146577e-03
   9.1895499e-03
   2.3780825e-02
   2.4536223e-03
  -3.0397873e-02
  -2.1724363e-02
   2.7230957e-02
   5.1475231e-02
  -3.4226838e-02
  -1.0877934e-01
   4.9336479e-02
   4.9920031e-01
   1.0543399e+00
   1.3379070e+00
   1.2251342e+00
   9.1881429e-01
   7.4162262e-01
   7.0143888e-01
   4.8033429e-01
  -7.5740266e-02
  -6.0125954e-01
  -6.5731268e-01
  -2.7325574e-01
   5.0608772e-02
   1.3163072e-01
   2.5558154e-01
   5.7223546e-01
   7.1726384e-01
   2.4811263e-01
  -4.9695854e-01
  -7.1447023e-01
  -1.9669552e-01
   3.5095923e-01
   2.2093886e-01
  -3.6599002e-01
  -6.6005000e-01
  -4.2370036e-01
  -1.6118855e-01
  -1.1613310e-01
  -8.7159663e-03
   3.2567591e-01
   5.7574704e-01
   3.0359845e-01
  -2.5083032e-01
  -4.6916554e-01
  -4.3008703e-02
   6.2721145e-01
   1.0663575e+00
   1.2155580e+00
   1.2615740e+00
   1.2913516e+00
   1.0789228e+00
   4.8834686e-01
  -3.3921222e-01
  -9.4448433e-01
  -7.9512779e-01
   1.8914851e-01
   1.3788355e+00
   1.9124693e+00
   1.4345137e+00
   3.2091042e-01
  -5.2902628e-01
  -5.7371937e-01
   1.8828900e-02
   4.9432496e-01
   3.0452287e-01
  -4.2603205e-01
  -1.0085984e+00
  -8.7684833e-01
  -1.6859307e-01
   4.8187334e-01
   6.3459201e-01
   5.8705734e-01
   6.5619516e-01
   8.0343802e-01
   5.5277187e-01
  -1.7073711e-01
  -8.0729918e-01
  -8.9862729e-01
  -5.4940443e-01
  -2.7108796e-01
  -2.2318036e-01
  -2.7588697e-01
  -2.6751609e-01
  -2.8717735e-02
   3.9832634e-01
   7.6313826e-01
   6.8560228e-01
   2.5373956e-02
  -7.0265467e-01
  -6.3203040e-01
   2.1939213e-01
   8.8455552e-01
   5.4594700e-01
  -4.0859307e-01
  -9.5635533e-01
  -6.9940605e-01
  -1.7097015e-01
   1.3920019e-02
  -6.5711048e-02
  -4.4759683e-02
   2.2078769e-01
   3.6856638e-01
   3.8538859e-01
   4.9890744e-01
   6.2292994e-01
   3.7707337e-01
  -2.5543912e-01
  -7.9873879e-01
  -7.7150947e-01
  -3.5381622e-01
  -8.8059730e-02
  -2.2283151e-01
  -5.7308814e-01
  -9.4861755e-01
  -1.2367329e+00
  -1.1768124e+00
  -5.7302675e-01
   4.5564731e-01
   1.3610594e+00
   1.6041301e+00
   1.1267232e+00
   3.1693684e-01
  -4.1376581e-01
  -7.0868485e-01
  -2.9155865e-01
   6.7801331e-01
   1.3665733e+00
   1.1394500e+00
   2.8650379e-01
  -1.7287776e-01
   1.3258251e-01
   4.6100868e-01
   1.3942396e-01
  -4.1933046e-01
  -2.3464804e-01
   6.8120413e-01
   1.0915633e+00
   2.8237760e-01
  -9.4193627e-01
  -1.2209983e+00
  -4.7083004e-01
   1.6516050e-01
  -3.3864701e-02
  -5.1313025e-01
  -4.3660419e-01
   1.1010666e-01
   3.9369476e-01
   1.6120179e-01
   4.6207064e-02
   4.4401793e-01
   9.5434725e-01
   8.5461591e-01
   1.9524580e-01
  -4.6329119e-01
  -5.9008906e-01
  -2.8698931e-01
   1.1817180e-01
   2.7584778e-01
   1.4451788e-02
  -4.8475190e-01
  -7.6751494e-01
  -5.3698767e-01
  -2.0794635e-02
   3.2429459e-01
   4.1787451e-01
   5.0884692e-01
   6.6356033e-01
   4.3355905e-01
  -2.4761240e-01
  -7.5349708e-01
  -4.4037635e-01
   3.0412897e-01
   4.6549560e-01
  -2.0877876e-01
  -8.8175178e-01
  -8.3947624e-01
  -5.0258611e-01
  -5.5965826e-01
  -9.8529912e-01
  -1.1046224e+00
  -7.6493961e-01
  -4.8478472e-01
  -6.0415833e-01
  -5.7511024e-01
   3.7248593e-02
   7.2843115e-01
   6.6902344e-01
  -8.6656418e-02
  -7.0296949e-01
  -6.5135301e-01
  -2.8175643e-01
  -1.3324279e-01
  -1.7467403e-01
  -1.4385092e-01
  -1.3155788e-01
  -4.0257357e-01
  -8.8783240e-01
  -1.0129565e+00
  -6.2445567e-01
  -1.6006100e-01
  -9.8489021e-02
  -3.2120557e-01
  -2.8484470e-01
   9.7917261e-02
   4.1482899e-01
   3.3262733e-01
  -5.1809121e-02
  -2.7510162e-01
  -7.6408234e-02
   3.1871396e-01
   4.0059305e-01
  -6.8662686e-02
  -6.9858177e-01
  -9.6355838e-01
  -8.0710744e-01
  -6.3151556e-01
  -6.8726123e-01
  -6.1335733e-01
  -4.8397689e-02
   5.2700410e-01
   2.7573110e-01
  -7.6677415e-01
  -1.4602631e+00
  -9.9742484e-01
   4.4346848e-02
   3.5251558e-01
  -3.3308653e-01
  -1.0890658e+00
  -9.7695880e-01
  -2.4328237e-01
   2.5520554e-01
   1.1418944e-01
  -2.1927210e-01
  -2.5047509e-01
   8.4765479e-02
   1.9331738e-01
  -2.6713612e-01
  -9.3144550e-01
  -1.1541531e+00
  -5.6426754e-01
   2.6864728e-01
   5.2362426e-01
   7.5725273e-02
  -2.6395080e-01
   3.2918628e-02
   4.6310355e-01
   1.2463786e-01
  -8.4424777e-01
  -1.4479534e+00
  -8.4798519e-01
   3.3520481e-01
   8.6995405e-01
   4.1404480e-01
  -2.0632068e-01
  -1.4673586e-01
   4.9529496e-01
   8.9236996e-01
   6.4022387e-01
  -3.3033521e-02
  -4.7191069e-01
  -3.5730002e-01
   1.9378739e-01
   8.1207726e-01
   1.1524384e+00
   9.7642367e-01
   4.2413533e-01
   4.7117190e-02
   8.5216481e-02
   3.9774380e-01
   5.1521423e-01
   3.3192547e-01
   2.2630517e-01
   5.1433687e-01
   8.4100302e-01
   8.1830017e-01
   4.6423890e-01
   2.2301425e-01
   2.3570097e-01
   2.4770322e-01
   1.4512562e-01
   1.7104524e-01
   5.2725416e-01
   7.2474205e-01
   3.3728217e-01
  -4.1286741e-01
  -8.4466055e-01
  -5.9321144e-01
  -6.4103087e-02
   2.0922525e-01
   1.9370103e-01
   6.0494716e-02
  -1.3084736e-02
  -1.1747746e-02
  -5.4525415e-02
  -2.5236710e-01
  -5.3388166e-01
  -5.5136547e-01
   8.3677765e-02
   1.1278421e+00
   1.6411856e+00
   9.3174968e-01
  -4.9081033e-01
  -1.4873249e+00
  -1.4533781e+00
  -9.0559194e-01
  -5.7788653e-01
  -4.9942991e-01
  -3.0814815e-01
   9.7555489e-02
   2.9801927e-01
   6.8586828e-02
  -5.0120744e-01
  -9.9862166e-01
  -1.0830955e+00
  -6.1023141e-01
   2.8330032e-01
   9.7607331e-01
   9.5281510e-01
   2.5279304e-01
  -5.4864956e-01
  -9.5250378e-01
  -8.1839287e-01
  -4.0183931e-01
   1.5709477e-01
   6.1625723e-01
   7.4293522e-01
   5.4724943e-01
   3.4085805e-01
   4.2923020e-01
   7.2849473e-01
   8.5553668e-01
   6.2466195e-01
   2.5602574e-01
  -6.1209098e-03
  -5.0511562e-02
   2.2449265e-02
   3.7589116e-02
  -9.1201715e-02
  -3.7760693e-01
  -5.7368986e-01
  -4.5189440e-01
  -1.1173715e-01
   1.8304294e-01
   2.0633255e-01
   1.4621397e-01
   9.4199479e-02
   1.4316191e-01
   1.2922143e-01
   4.6895640e-02
  -1.8929736e-01
  -4.6713390e-01
  -6.5545206e-01
  -3.8217497e-01
   3.0470340e-01
   7.5809661e-01
   4.5339676e-01
  -4.1305174e-01
  -9.9665051e-01
  -8.6201950e-01
  -5.5543487e-01
  -6.4793930e-01
  -8.9722119e-01
  -6.4266591e-01
   2.3909987e-01
   1.0180943e+00
   9.8570053e-01
   3.5821387e-01
  -1.2858106e-01
  -3.2439602e-02
   3.3062249e-01
   4.7633678e-01
   4.1340987e-01
   3.6385327e-01
   3.8962750e-01
   1.8262455e-01
  -2.0381090e-01
  -3.4092208e-01
   1.0907855e-01
   5.2386375e-01
   3.0326604e-01
  -4.7082021e-01
  -6.5728699e-01
   3.3737965e-01
   1.5043044e+00
   1.4290622e+00
   1.6021353e-02
  -1.3410077e+00
  -1.5250270e+00
  -9.3405546e-01
  -6.0436090e-01
  -8.3714537e-01
  -1.2367188e+00
  -1.5328590e+00
  -1.7789583e+00
  -1.6982187e+00
  -7.7546998e-01
   6.2597964e-01
   1.3421955e+00
   6.4495859e-01
  -5.1617397e-01
  -5.6493326e-01
   6.5223428e-01
   1.6442463e+00
   1.1560132e+00
  -2.2823872e-01
  -1.0682243e+00
  -8.0174546e-01
  -3.1943701e-01
  -2.8249400e-01
  -3.7201022e-01
   1.3261003e-01
   1.0068718e+00
   1.1527215e+00
   1.3926896e-01
  -1.0608422e+00
  -1.1543463e+00
  -8.5110516e-02
   9.8089639e-01
   1.0090047e+00
   2.3536833e-01
  -4.4151193e-01
  -4.6266685e-01
  -1.4076211e-01
   2.3667734e-02
   8.6064885e-02
   3.5725110e-01
   8.4005460e-01
   1.0132222e+00
   3.9212781e-01
  -7.5186240e-01
  -1.5885843e+00
  -1.5449714e+00
  -7.6389253e-01
   4.0276435e-02
   2.7633440e-01
   6.6422987e-03
  -2.6075076e-01
  -2.3245697e-01
   6.4341867e-02
   3.2827600e-01
   4.3407439e-01
   4.4960625e-01
   4.4621023e-01
   4.5367267e-01
   4.5602113e-01
   4.0546906e-01
   3.8603179e-01
   4.3551859e-01
   6.0505683e-01
   7.8774693e-01
   8.7550850e-01
   7.9891462e-01
   5.7302633e-01
   3.7993845e-01
   2.0344219e-01
   1.7246340e-02
  -1.7425807e-01
  -3.0254570e-01
  -2.4763224e-01
  -7.2953093e-02
   6.8862069e-02
   1.2760297e-01
   1.6277522e-01
   2.1310514e-01
   1.6338838e-01
  -1.0014888e-01
  -5.4351834e-01
  -8.3119157e-01
  -7.9135471e-01
  -3.8133078e-01
   1.8672345e-01
   5.0863551e-01
   3.2636761e-01
  -1.2179114e-01
  -3.5157433e-01
  -1.5182947e-01
   2.8710680e-02
  -2.9948005e-01
  -1.0550077e+00
  -1.5887674e+00
  -1.3486330e+00
  -5.9095786e-01
   2.0068148e-01
   6.3057748e-01
   6.3824574e-01
   3.0030783e-01
  -1.9909221e-01
  -4.8659986e-01
  -4.8140397e-01
  -2.9484391e-01
  -2.1146721e-01
  -2.3889194e-01
  -1.7853231e-01
  -1.3099926e-01
  -2.3916335e-01
  -4.4886192e-01
  -3.3637551e-01
   1.9983478e-01
   7.0916309e-01
   6.1520303e-01
  -6.8082330e-02
  -6.1157740e-01
  -5.2092195e-01
   4.1722471e-02
   6.5296261e-01
   9.8141060e-01
   1.0173215e+00
   9.2291948e-01
   7.9661456e-01
   6.2940378e-01
   2.3858318e-01
  -3.1537921e-01
  -7.0290747e-01
  -5.8044879e-01
  -3.8210638e-02
   3.3257993e-01
   2.3582232e-01
  -2.5746044e-01
  -6.4900706e-01
  -7.2425614e-01
  -6.5978178e-01
  -5.9308311e-01
  -5.0126716e-01
  -2.5691579e-01
   4.6300110e-02
   8.7875202e-02
  -2.9392934e-01
  -8.8789853e-01
  -1.1073085e+00
  -6.7723649e-01
   8.0537096e-03
   2.0386119e-01
  -3.3560845e-01
  -9.0554643e-01
  -8.2256218e-01
  -1.0000310e-01
   5.8056365e-01
   6.5128308e-01
   2.8124347e-01
  -2.4538720e-03
   6.8165024e-02
   3.8415275e-01
   7.7662075e-01
   1.1547404e+00
   1.3088127e+00
   1.2168080e+00
   1.0756666e+00
   1.0357270e+00
   9.1031614e-01
   4.7113295e-01
  -4.7898606e-02
  -2.2596663e-01
  -1.6507761e-01
  -3.3186372e-01
  -8.6815382e-01
  -1.2055399e+00
  -7.8424771e-01
   9.2485586e-02
   5.7845776e-01
   3.6652191e-01
   4.0507856e-02
   1.3539298e-01
   4.4717282e-01
   3.4785128e-01
  -2.4823981e-01
  -8.6226768e-01
  -1.0796321e+00
  -9.4545688e-01
  -7.0517760e-01
  -3.9670323e-01
   9.9589668e-02
   5.3080091e-01
   6.0393392e-01
   2.9321230e-01
  -6.4705649e-02
  -9.5451013e-02
   9.3459182e-02
   3.1886541e-01
   4.2423988e-01
   2.9965620e-01
  -1.4036388e-01
  -5.6965137e-01
  -4.1086634e-01
   3.7499188e-01
   1.1226060e+00
   9.1498705e-01
  -2.1640978e-01
  -1.2018738e+00
  -1.1176917e+00
  -3.0132238e-01
   1.6600160e-01
  -2.9572902e-01
  -1.0773063e+00
  -1.2977069e+00
  -8.4339491e-01
  -2.4391769e-01
   5.8760362e-03
   3.8600548e-02
   1.7295759e-01
   3.9391413e-01
   4.1060882e-01
   1.9383631e-01
   2.5135666e-02
   5.4738975e-02
   1.3153123e-01
   1.0217108e-01
   2.0827093e-01
   5.7562870e-01
   9.0917876e-01
   6.2538826e-01
  -3.4012221e-01
  -1.1158129e+00
  -8.8214764e-01
   1.9667213e-01
   9.9393641e-01
   7.8599579e-01
   1.8001795e-02
  -4.4912494e-01
  -3.4788033e-01
  -4.3975716e-02
  -1.0265891e-01
  -4.4679600e-01
  -6.3650174e-01
  -4.3609181e-01
   6.6340847e-02
   3.2256836e-01
   3.6463356e-02
  -6.3170174e-01
  -1.0821059e+00
  -6.8732957e-01
   4.5809973e-01
   1.5355248e+00
   1.6608166e+00
   7.4918758e-01
  -3.4393950e-01
  -7.1588662e-01
  -3.7913977e-01
  -4.2679931e-02
  -2.1337167e-01
  -6.8308022e-01
  -8.8924345e-01
  -7.9452537e-01
  -8.6809472e-01
  -1.2127235e+00
  -1.3847322e+00
  -9.1743902e-01
  -1.3082489e-01
   9.5445894e-02
  -5.2651172e-01
  -1.3349162e+00
  -1.3124517e+00
  -3.0810456e-01
   7.4847344e-01
   9.7785499e-01
   3.7509188e-01
  -1.0498301e-01
   1.5451878e-01
   8.4910014e-01
   1.1746474e+00
   6.7941060e-01
  -7.5522429e-02
  -2.7902531e-01
   4.2826956e-01
   1.4536482e+00
   1.9250603e+00
   1.5031356e+00
   6.0243789e-01
  -1.0536711e-01
  -3.1463425e-01
  -1.7040502e-01
   1.2948481e-01
   4.0539621e-01
   6.2420939e-01
   7.3770762e-01
   6.4370111e-01
   3.9057159e-01
   5.8443794e-02
  -1.9430968e-01
  -2.8926193e-01
  -2.3431775e-01
  -5.9699643e-02
   4.2597022e-02
  -8.0574695e-02
  -4.1654111e-01
  -6.1283809e-01
  -4.6879028e-01
  -1.2688853e-01
   1.1907900e-01
   1.2659777e-01
   2.9320356e-01
   7.3915961e-01
   1.0915712e+00
   7.5641747e-01
  -9.4932934e-02
  -6.1665843e-01
  -3.4576153e-01
   2.5634620e-01
   3.8339591e-01
  -9.8094032e-02
  -6.3084778e-01
  -8.6635442e-01
  -1.0037127e+00
  -1.2265256e+00
  -1.2166494e+00
  -7.1487600e-01
  -2.6358923e-02
   2.3806743e-01
   7.5915048e-04
  -3.1735446e-01
  -3.8922149e-01
  -3.8253908e-01
  -4.4360473e-01
  -3.1982882e-01
   1.5153545e-01
   7.3966210e-01
   9.4101870e-01
   6.3946109e-01
   1.7538908e-01
  -4.5766985e-02
  -2.7363933e-02
  -6.4692694e-02
  -3.3627960e-01
  -5.2233142e-01
  -2.1481155e-01
   5.8854068e-01
   1.3568891e+00
   1.4667962e+00
   9.6990718e-01
   4.1135524e-01
   1.7088811e-01
   8.1891787e-02
  -2.3193908e-01
  -4.8938172e-01
  -2.0848367e-01
   5.3474944e-01
   9.6568809e-01
   4.7485811e-01
  -4.1772485e-01
  -6.4022180e-01
  -2.8872624e-02
   3.9174361e-01
  -1.5857557e-01
  -1.1273233e+00
  -1.2354574e+00
  -2.6659593e-01
   6.5438573e-01
   4.8302270e-01
  -3.5500120e-01
  -6.7948725e-01
  -9.5158790e-02
   5.7750216e-01
   6.3763483e-01
   2.5379113e-01
   9.9176547e-03
   7.4369355e-02
   1.9456506e-01
   3.0510698e-01
   4.8303431e-01
   6.5791007e-01
   6.6105183e-01
   4.1614884e-01
   2.3353346e-01
   2.3873156e-01
   2.0568904e-01
   1.1640975e-01
   1.4149917e-01
   2.8071691e-01
   2.7266233e-01
  -1.1349034e-01
  -4.3114625e-01
  -1.4568751e-01
   6.7070030e-01
   1.2764927e+00
   1.1017520e+00
   2.8658010e-01
  -5.4569939e-01
  -8.6947306e-01
  -6.5870353e-01
  -2.3648447e-01
  -2.5770777e-02
  -2.7245487e-01
  -9.2029135e-01
  -1.4568781e+00
  -1.3467991e+00
  -6.2046215e-01
   1.6622397e-01
   3.9115633e-01
  -1.0689006e-02
  -4.8458092e-01
  -6.6033190e-01
  -5.3520850e-01
  -2.8266112e-01
  -8.8889436e-03
   4.1519772e-01
   6.7364106e-01
   2.2916163e-01
  -8.9552243e-01
  -1.8314640e+00
  -1.6002612e+00
  -3.7239245e-01
   5.6778189e-01
   3.5912535e-01
  -5.1545147e-01
  -9.3426637e-01
  -4.8740657e-01
   1.9533569e-02
  -1.7386732e-01
  -8.2514165e-01
  -1.1452438e+00
  -8.8925266e-01
  -5.4525812e-01
  -4.7790663e-01
  -5.0273554e-01
  -2.8047657e-01
   1.6670950e-01
   3.6757231e-01
   1.6544178e-01
  -1.1726891e-01
  -1.1469264e-01
  -7.1067005e-02
  -4.0946851e-01
  -1.1839523e+00
  -1.6896725e+00
  -1.4047221e+00
  -6.2581421e-01
  -1.6700468e-01
  -3.8084419e-01
  -6.9164279e-01
  -4.0599713e-01
   3.5195412e-01
   7.4668251e-01
   3.5513945e-01
  -2.7210921e-01
  -3.8439318e-01
  -7.8666323e-02
  -1.6469509e-02
  -3.7205362e-01
  -5.9517271e-01
  -2.9115689e-01
   1.0557179e-01
   5.6969221e-03
  -4.9006831e-01
  -6.5213733e-01
  -1.9199940e-01
   3.6148517e-01
   6.0423214e-01
   6.5769977e-01
   8.9485190e-01
   1.0340354e+00
   6.3122658e-01
  -2.6822487e-01
  -7.4544730e-01
  -2.2686650e-01
   7.5569678e-01
   1.1342612e+00
   6.3874559e-01
   1.5483609e-01
   3.1419708e-01
   6.8453352e-01
   3.1106726e-01
  -7.5535892e-01
  -1.3779325e+00
  -8.4098210e-01
   3.7329128e-01
   1.1034351e+00
   9.3946240e-01
   3.3101737e-01
  -7.2680887e-02
  -8.0001718e-02
   2.7310358e-01
   7.8871294e-01
   1.0635999e+00
   6.9094824e-01
  -2.7463405e-01
  -1.0642461e+00
  -1.0714702e+00
  -3.1805259e-01
   5.0444095e-01
   1.0106923e+00
   1.0437494e+00
   5.9190857e-01
  -3.3377329e-01
  -1.2694214e+00
  -1.4497370e+00
  -6.7069875e-01
   4.1225215e-01
   9.0006211e-01
   6.2753220e-01
   1.1592486e-01
  -1.9877908e-01
  -2.8164199e-01
  -2.7368671e-01
  -1.5397299e-01
   6.6357268e-02
   2.0626044e-01
   9.3626380e-02
  -1.5033799e-01
  -2.0422498e-01
   1.2015455e-01
   6.3392905e-01
   1.0130664e+00
   1.1017999e+00
   8.4483824e-01
   3.5272509e-01
  -1.8039034e-01
  -4.8024354e-01
  -4.5335290e-01
  -2.9400350e-01
  -2.9030296e-01
  -3.6441426e-01
  -1.2525326e-01
   5.0928170e-01
   1.0585054e+00
   8.4725879e-01
   2.5119020e-02
  -5.8773731e-01
  -4.6254646e-01
   2.6370945e-02
   4.7455439e-02
  -5.4829105e-01
  -9.8183096e-01
  -6.6027651e-01
   8.1606631e-02
   4.3670238e-01
   2.5025445e-01
  -6.3193650e-02
  -3.2565107e-01
  -6.9225239e-01
  -1.2283261e+00
  -1.3929937e+00
  -8.0676564e-01
  -1.9895603e-02
   2.9176215e-01
   1.3397084e-01
   2.5049410e-01
   7.9193876e-01
   1.0346152e+00
   4.6045763e-01
  -4.1818802e-01
  -6.1512285e-01
  -5.6570618e-02
   4.0888865e-01
   1.5974572e-01
  -3.4101349e-01
  -3.1297357e-01
   2.7850170e-01
   6.2191297e-01
   5.6624377e-02
  -1.0275989e+00
  -1.6402394e+00
  -1.2288895e+00
  -3.1626726e-01
   1.7263945e-01
  -1.4127436e-01
  -7.4216140e-01
  -9.2383454e-01
  -5.3247360e-01
  -2.1656578e-01
  -5.2185499e-01
  -1.1863145e+00
  -1.5261330e+00
  -1.0769305e+00
  -2.1475698e-01
   4.1206889e-01
   5.0322051e-01
   3.7282486e-01
   4.7287947e-01
   6.2278089e-01
   4.5744487e-01
  -1.5872805e-02
  -4.1981140e-01
  -4.0926771e-01
  -7.7133066e-02
   1.6397931e-01
   2.1968533e-01
   1.0132054e-01
  -2.1637549e-01
  -5.7036135e-01
  -7.9611572e-01
  -7.3617624e-01
  -6.0571417e-01
  -6.2312563e-01
  -6.0450320e-01
  -2.8464139e-01
   9.2295204e-02
  -1.6030899e-02
  -6.9308770e-01
  -1.1650937e+00
  -8.0217339e-01
   4.7843346e-02
   4.0084511e-01
  -1.4290208e-01
  -1.0028665e+00
  -1.2582990e+00
  -7.2601498e-01
