202
453
144
385
228
147
114
101
2
-353
-3
-67
-45
290
-143
214
147
131
-280
-319
140
335
-257
-181
-175
212
-213
-194
331
3
57
147
-233
-17
24
250
398
197
202
654
71
-180
13
-176
-205
55
729
321
245
-41
-309
300
-346
371
-119
-178
-70
-484
125
455
-32
-96
554
78
60
-314
8
-208
-363
231
-55
-338
13
472
-389
413
128
-86
-199
-119
6
543
8
-535
-109
209
-315
-51
236
-144
5
346
-34
-6
345
94
-393
-83
-148
-75
24
-197
-43
-519
-140
-125
-347
305
717
166
54
38
59
-278
-102
398
400
218
-185
146
-13
126
25
-113
-158
423
240
-43
-590
-30
-4
-13
-37
-264
78
31
130
-15
-38
306
173
288
-210
-182
25
51
-212
215
-45
-224
-19
-405
262
158
173
-240
487
25
-141
-347
15
254
119
-397
-161
-85
-149
-244
-160
-474
18
-133
-122
-232
56
517
-101
-154
-212
3
-74
-113
50
-104
-109
48
-329
-489
138
172
-370
-121
256
-78
92
-4
83
-87
-108
312
-136
55
-269
-294
-122
-218
-118
31
-295
360
104
-490
-438
-36
234
-149
-152
-278
-299
289
5
-383
364
-109
-51
-86
67
-376
-237
-126
234
29
146
-348
217
91
161
-771
-161
222
-267
534
-155
-45
43
305
-28
347
-273
16
-268
502
33
142
496
-50
-71
48
133
356
-294
236
294
-22
408
18
-83
116
271
-213
102
254
114
49
-207
-368
133
45
-121
165
-129
195
-93
-64
-304
327
-365
25
556
423
-62
-165
-609
-199
42
-425
-103
91
113
-46
-114
-59
-351
-169
-190
304
183
277
-121
-229
-175
-249
169
-114
157
424
-31
96
-81
687
-90
69
56
174
-253
238
-276
143
-24
-398
-81
325
-217
106
82
-76
180
-29
-110
19
-208
-61
-43
-36
405
0
-192
-571
245
-324
-142
-470
357
-166
391
321
-247
196
-145
259
74
4
238
36
-96
57
-28
-57
194
-2
12
-406
316
614
139
-182
-582
-248
13
-189
-710
217
-852
-143
-478
-144
368
442
-99
-241
-24
394
492
-39
-139
-271
-73
-107
-192
226
-120
312
397
-148
-576
-93
419
-39
262
22
-202
-20
-103
167
-110
207
305
193
-178
-132
-509
-322
-191
348
-148
-187
220
-109
-115
307
-27
235
73
-50
413
-86
97
137
321
46
298
114
229
112
-270
266
-17
-348
92
38
72
-130
114
175
-142
67
-442
136
-425
-13
309
-140
200
-143
7
-121
3
-81
-390
-341
-632
485
8
-120
141
464
-315
-461
116
274
-434
-188
383
-313
-13
-92
-161
330
74
119
-223
80
-294
105
503
-160
553
166
89
253
-152
-19
-283
161
-391
331
350
-711
-93
280
-472
-350
177
79
-314
212
-203
-384
122
-625
367
84
-363
-251
39
-129
323
197
-205
43
290
72
-81
675
279
313
44
435
240
-31
-76
-33
2
-139
-452
14
-307
-83
715
-353
-154
367
221
-288
-123
18
-508
-194
-51
-74
7
288
8
154
-110
-114
257
59
16
30
-75
-64
23
-147
609
167
-311
-501
-123
385
-417
-167
-188
-134
-422
-120
529
-370
17
316
42
-1
3
-152
409
-188
-20
487
-90
291
-180
-583
122
198
235
-32
20
-22
-143
-134
173
-162
-462
263
61
-104
-34
-175
-174
-202
221
752
15
180
-92
-358
181
-199
53
-368
-135
-181
-382
-205
-331
-303
197
6
-463
-237
-213
-2
288
227
-71
102
-36
451
200
-14
46
-31
223
406
601
223
-112
236
-312
20
265
-164
449
-85
510
-331
68
204
-372
3
124
-93
28
-333
20
71
-447
393
26
66
150
251
433
-457
-127
89
167
-79
-27
-246
-315
-41
-463
-386
-15
245
-194
-18
3
-229
40
-203
-37
164
90
615
-444
331
33
-151
-46
-70
-39
-115
410
165
629
-14
78
26
-16
31
-210
-147
514
154
-177
-28
-75
24
-57
26
-347
-427
139
397
-219
4
-318
115
478
-175
-33
104
214
-122
26
272
111
339
-172
93
121
181
-181
49
170
95
-122
-291
216
515
-220
652
-186
-336
5
-213
-87
112
-302
-105
-587
-203
36
56
-117
222
-261
-300
-60
165
-51
-93
424
-14
-649
-287
-305
7
228
-22
-340
62
-428
372
-271
-282
-324
-88
-103
-123
-345
319
-59
-14
182
-200
69
-24
-280
-360
-334
-309
-246
156
-53
-490
188
137
240
-110
-126
15
33
-148
-87
-31
-230
195
-107
13
-512
219
365
-90
162
332
311
-7
-209
-164
220
101
333
68
34
202
-67
292
-560
-87
-531
712
203
-4
-82
231
108
-183
300
369
130
-269
-523
118
-107
358
-3
378
108
-225
-501
-325
211
7
218
114
66
-217
16
-15
-93
30
96
54
-227
101
75
191
361
166
152
140
-231
8
-277
110
-171
-92
147
38
395
176
-233
-70
-85
23
-10
-221
-321
18
52
73
195
-347
53
-224
-391
-249
-313
165
309
-143
-162
544
449
-339
-317
359
-203
123
32
-300
351
-204
331
-282
-275
-259
-571
271
96
-331
-154
-153
-146
69
-423
-343
-105
-429
84
151
247
-36
98
208
212
-206
-240
109
72
-70
41
16
-79
-110
-229
-454
170
-32
-538
84
300
-352
-65
-465
-126
463
-331
-54
-281
-265
3
-141
150
226
-337
149
29
259
-142
-352
-294
162
-319
205
1
440
